accuracy: 0.1344913151364764
precision(macro): 0.1083
precision(micro): 0.1345
precision(None): [0.         0.         0.13513514 0.17647059 0.08695652 0.18685121
 0.0972973  0.         0.         0.23239437 0.09387755 0.
 0.         0.03846154 0.10512129 0.16666667 0.15151515 0.33333333
 0.17272727 0.18934911]
recall(macro): 0.1902
recall(micro): 0.1345
recall(None): [0.         0.         0.07692308 0.06       0.1372549  0.39416058
 0.8        0.         0.         0.50769231 0.2987013  0.
 0.         0.02272727 0.86666667 0.02173913 0.0862069  0.008
 0.14393939 0.38095238]
f1(macro): 0.0986
f1(micro): 0.1345
f1(None): [0.         0.         0.09803922 0.08955224 0.10646388 0.25352113
 0.17349398 0.         0.         0.31884058 0.14285714 0.
 0.         0.02857143 0.1875     0.03846154 0.10989011 0.015625
 0.15702479 0.25296443]
class accuracys: 0.6049, 0.5409, 0.7466, 0.8163, 0.5356, 0.4601, 0.4414, 0.7721, 0.7655, 0.6578, 0.4954, 0.5104, 0.8313, 0.7994, 0.445, 0.8442, 0.6259, 0.6826, 0.5705, 0.5891


