accuracy: 0.5334323922734027
precision(macro): 0.6294
precision(micro): 0.5334
precision(None): [0.86407767 0.99065421 0.82352941 1.         0.78125    0.61946903
 0.33802817 1.         0.42105263 0.84375    0.224      0.9389313
 0.47222222 0.80434783 0.19371728 0.36764706 0.20212766 0.52542373
 0.58227848 0.59482759]
recall(macro): 0.5551
recall(micro): 0.5334
recall(None): [0.50282486 0.45689655 0.43076923 0.56       0.97087379 0.51094891
 0.53333333 0.3375     0.2        0.83076923 0.36363636 0.47307692
 0.30909091 0.84090909 0.82222222 0.54347826 0.65517241 0.248
 0.69172932 0.82142857]
f1(macro): 0.541
f1(micro): 0.5334
f1(None): [0.63571429 0.62536873 0.56565657 0.71794872 0.86580087 0.56
 0.4137931  0.5046729  0.27118644 0.8372093  0.27722772 0.62915601
 0.37362637 0.82222222 0.31355932 0.43859649 0.30894309 0.33695652
 0.63230241 0.69      ]
class accuracys: 0.9135, 0.8945, 0.9616, 0.98, 0.972, 0.9073, 0.9406, 0.9531, 0.9261, 0.9809, 0.8806, 0.8813, 0.9497, 0.9854, 0.8692, 0.9439, 0.7601, 0.8982, 0.9096, 0.9456


