accuracy: 0.1505695889053987
precision(macro): 0.1161
precision(micro): 0.1506
precision(None): [0.5        0.         0.         0.         0.19230769 0.34854772
 0.1025641  0.47826087 0.10313076 0.01941748 0.10366826 0.32258065
 0.         0.         0.         0.         0.         0.
 0.15068493 0.        ]
recall(macro): 0.1546
recall(micro): 0.1506
recall(None): [0.00564972 0.         0.         0.         0.33980583 0.61313869
 0.17777778 0.1375     0.7        0.03076923 0.84415584 0.07692308
 0.         0.         0.         0.         0.         0.
 0.16541353 0.        ]
f1(macro): 0.0858
f1(micro): 0.1506
f1(None): [0.01117318 0.         0.         0.         0.24561404 0.44444444
 0.1300813  0.21359223 0.17977528 0.02380952 0.18465909 0.1242236
 0.         0.         0.         0.         0.         0.
 0.15770609 0.        ]
class accuracys: 0.632, 0.5672, 0.815, 0.8588, 0.5857, 0.5914, 0.7397, 0.7896, 0.373, 0.6496, 0.3462, 0.5188, 0.8468, 0.8736, 0.8711, 0.8686, 0.7103, 0.7086, 0.564, 0.7835


