accuracy: 0.1277860326894502
precision(macro): 0.0663
precision(micro): 0.1278
precision(None): [0.         0.         0.         0.         0.         0.07368421
 0.01869159 0.         0.05149051 0.01818182 0.09200969 0.
 0.28368794 0.36363636 0.         0.03225806 0.19747899 0.
 0.19427403 0.        ]
recall(macro): 0.1446
recall(micro): 0.1278
recall(None): [0.         0.         0.         0.         0.         0.05109489
 0.04444444 0.         0.2375     0.01538462 0.49350649 0.
 0.72727273 0.18181818 0.         0.02173913 0.40517241 0.
 0.71428571 0.        ]
f1(macro): 0.0795
f1(micro): 0.1278
f1(None): [0.         0.         0.         0.         0.         0.06034483
 0.02631579 0.         0.08463252 0.01666667 0.15510204 0.
 0.40816327 0.24242424 0.         0.02597403 0.26553672 0.
 0.30546624 0.        ]
class accuracys: 0.5931, 0.5265, 0.7914, 0.8323, 0.6615, 0.542, 0.6355, 0.7633, 0.3857, 0.6862, 0.3839, 0.4751, 0.6898, 0.8377, 0.8515, 0.7748, 0.4981, 0.6736, 0.3739, 0.7544


